46833
46834
47203
47204
47205
47206
47207
47208
47209
47210
47211
47212
47433
47434
47435
47473
47474
47475
47476
47477
47478
47479
47480
47481
47482
47711
47712
47994
47995
47996
47997
47999
48000
48001
48002
48273
48274
48276
48278
48279
48280
48281
48282
49188
49189
49190
49191
49192
49738
49883
49884
49885
49886
49887
49888
49889
49890
49891
49921
49941
50031
50051
50061
50091
50101
50141
50151
50161
50171
50191
50252
50253
50254
50255
50256
50257
50258
50259
50260
50261
50262
50263
50264
50265
50266
50267
50268
50269
50270
50271
50331
50351
50359
50360
50380
50381
50391
50410
50411
50420
50421
50440
50441
50511
50670
50671
50710
50711
50720
50721
50756
50757
50758
50759
50760
50761
50876
50877
50878
50879
50880
50881
50888
50889
50891
51262
51263
51264
51265
51266
51267
51268
51269
51270
51271
51509
51510
51511
51642
51643
51644
51645
51647
51648
51649
51650
51687
51688
51689
51690
51691
51692
51693
51694
51696
51697
51698
51699
51700
51701
51758
51759
51760
51761
51822
51823
51824
51825
51826
51827
51828
51830
51831
51954
51955
51956
51957
52072
52073
52074
52075
52076
52077
52079
52080
52081
52142
52143
52144
52145
52146
52147
52148
52149
52150
52151
52162
52163
52164
52165
52166
52167
52168
52169
52170
52171
52182
52183
52185
52186
52187
52188
52189
52190
52232
52233
52234
52235
52236
52237
52238
52252
52253
52254
52255
52256
52257
52258
52259
52260
52261
52388
52389
52390
52391
52413
52562
52563
52564
52565
52566
52567
52568
52569
52570
52571
52592
52593
52594
52595
52596
52597
52598
52599
52600
52601
52780
52781
52782
52783
52784
52785
52786
52787
52788
52790
52791
52855
52856
52857
52858
52859
52860
52882
52884
52982
52983
52984
52985
52986
52987
52988
52989
52990
52991
53020
53021
53062
53063
53064
53065
53066
53067
53068
53069
53070
53071
53110
53111
53112
53113
53114
53115
53116
53117
53118
53119
53120
53121
53152
53153
53154
53155
53156
53157
53158
53159
53160
53161
53188
53189
53190
53191
53252
53255
53256
53257
53258
53259
53260
53261
53351
53352
53353
53354
53355
53356
53357
53372
53373
53374
53375
53376
53377
53378
53384
53385
53386
53387
53388
53392
53393
53394
53395
53396
53397
53398
53452
53453
53454
53455
53456
53458
53462
53463
53464
53465
53466
53467
53468
53472
53473
53474
53475
53476
53477
53478
53492
53493
53494
53495
53496
53497
53502
53503
53504
53505
53506
53507
53508
53512
53513
53514
53516
53517
53518
53542
53543
53544
53545
53546
53547
53548
53552
53553
53554
53555
53556
53557
53558
53572
53573
53574
53575
53576
53577
53578
53582
53583
53584
53585
53586
53587
53588
53619
53620
53621
53622
53623
53625
53626
53627
53628
53632
53633
53634
53636
53637
53638
53665
53672
53673
53674
53675
53676
53677
53678
53688
53702
53703
53704
53705
53706
53707
53708
53743
53744
53745
53746
53747
53748
53829
53831
53832
53833
53834
53842
53843
53844
53845
53846
53847
53848
53862
53863
53864
53865
53866
53867
53868
53882
53883
53884
53885
53886
53887
53892
53893
53894
53895
53896
53897
53902
53903
53904
53905
53906
53907
53912
53913
53914
53915
53916
53918
53967
53968
53972
53973
53974
53975
53976
53977
53992
53993
53994
53995
53996
53997
54002
54003
54004
54005
54006
54007
54012
54013
54014
54015
54016
54017
54022
54023
54024
54025
54026
54027
54117
54118
54141
54142
54143
54144
54145
54146
54147
54249
54250
54251
54252
54253
54254
54255
54256
54257
54269
54270
54271
54272
54273
54274
54275
54276
54277
54278
54279
54280
54281
54289
54290
54291
54292
54293
54294
54295
54296
54297
54298
54309
54310
54311
54312
54313
54314
54315
54316
54317
54318
54329
54330
54331
54332
54333
54334
54335
54336
54337
54338
54339
54340
54341
54342
54343
54344
54345
54346
54347
54348
54419
54420
54421
54422
54424
54425
54426
54427
54428
54429
54430
54431
54432
54434
54435
54436
54439
54440
54441
54442
54443
54444
54445
54446
54447
54448
54449
54519
54520
54521
54522
54523
54524
54525
54526
54527
54528
54539
54540
54541
54542
54543
54544
54545
54546
54547
54548
54559
54560
54561
54562
54563
54564
54565
54566
54567
54568
54599
54600
54601
54607
54619
54620
54621
54622
54624
54625
54626
54627
54628
54639
54640
54641
54642
54643
54644
54645
54646
54647
54648
54669
54670
54671
54672
54673
54674
54675
54676
54677
54678
54709
54710
54711
54712
54713
54714
54715
54716
54717
54718
54732
54734
54739
54741
54742
54779
54780
54782
54789
54790
54791
54792
54793
54794
54795
54796
54797
54798
54799
54800
54801
54802
54803
54804
54805
54806
54807
54808
54839
54840
54841
54842
54843
54844
54845
54846
54847
54848
54849
54850
54851
54852
54853
54854
54855
54856
54857
54858
55019
55020
55022
55023
55024
55059
55060
55061
55062
55063
55064
55065
55066
55067
55069
55070
55119
55120
55121
55122
55123
55129
55130
55131
55132
55133
55139
55140
55141
55142
55143
55144
55147
55149
55150
55151
55152
55159
55160
55161
55162
55163
55164
55249
55250
55251
55279
55280
55281
55282
55283
55309
55310
55319
55320
55321
55408
55428
55455
55456
55457
55458
55469
55533
55534
55535
55536
55537
55538
55671
55707
55715
55716
55718
55797
55798
55812
55826
55827
55828
55866
55867
55868
55870
55871
55872
55873
55883
55885
55886
55887
55962
55963
55964
55965
55966
55967
55968
56028
56119
56132
56133
56134
56135
56136
56137
56138
56168
56190
56191
56192
56193
56194
56195
56197
56257
56258
56268
56318
56326
56327
56328
56337
56338
56371
56372
56373
56374
56375
56376
56377
56378
56383
56384
56385
56387
56388
56411
56412
56413
56414
56415
56416
56417
56418
56440
56441
56442
56443
56444
56445
56446
56447
56448
56461
56462
56463
56465
56466
56467
56468
56480
56481
56482
56483
56484
56485
56486
56487
56488
56499
56500
56501
56502
56503
56504
56505
56506
56507
56508
56509
56510
56511
56512
56513
56514
56515
56517
56518
56519
56520
56521
56522
56524
56525
56527
56528
56529
56530
56531
56532
56533
56534
56535
56536
56537
56538
56539
56541
56542
56543
56544
56545
56546
56547
56548
56549
56550
56551
56552
56553
56554
56555
56556
56557
56558
56577
56579
56580
56581
56582
56583
56584
56585
56586
56587
56588
56659
56660
56661
56662
56663
56664
56665
56666
56667
56668
56698
56699
56700
56701
56702
56703
56704
56705
56706
56707
56708
56709
56710
56711
56712
56713
56714
56715
56716
56717
56718
56729
56730
56731
56732
56733
56734
56735
56736
56737
56738
56759
56760
56761
56762
56763
56764
56765
56766
56767
56768
56779
56780
56781
56783
56784
56785
56786
56787
56788
56789
56790
56791
56792
56793
56794
56795
56796
56797
56798
56800
56801
56809
56810
56811
56812
56813
56815
56816
56817
56836
56839
56840
56841
56842
56843
56844
56845
56846
56847
56848
56859
56860
56861
56862
56863
56864
56865
56866
56867
56868
56889
56890
56891
56892
56894
56895
56896
56897
56898
56899
56900
56901
56902
56903
56904
56905
56906
56907
56908
56909
56910
56911
56912
56913
56914
56915
56916
56917
56918
56939
56940
56941
56942
56945
56946
56947
56948
56949
56950
56951
56952
56953
56954
56955
56956
56957
56958
56959
56960
56961
56962
56963
56964
56965
56966
56967
56968
56979
56980
56981
56982
56983
56984
56985
56986
56987
56988
56989
56990
56991
56992
56993
56994
56995
56996
56997
56998
56999
57000
57001
57002
57003
57004
57005
57006
57007
57008
57016
57019
57020
57021
57022
57023
57024
57025
57026
57027
57028
57029
57030
57031
57032
57033
57034
57035
57036
57037
57038
57049
57050
57051
57052
57053
57055
57056
57057
57058
57059
57060
57061
57062
57063
57064
57065
57066
57067
57068
57099
57100
57101
57102
57103
57104
57105
57106
57107
57108
57109
57110
57111
57112
57113
57114
57115
57116
57117
57118
57141
57142
57143
57144
57145
57147
57148
57159
57160
57161
57162
57163
57164
57165
57167
57168
57175
57229
57230
57231
57232
57233
57234
57235
57236
57237
57238
57239
57240
57241
57242
57243
57244
57246
57247
57248
57249
57251
57252
57253
57254
57255
57256
57257
57258
57269
57270
57271
57272
57273
57274
57275
57276
57277
57278
57289
57290
57291
57292
57293
57294
57295
57296
57297
57298
57299
57300
57301
57302
57303
57304
57305
57306
57307
57308
57309
57310
57311
57312
57313
57314
57315
57316
57317
57318
57329
57330
57331
57332
57333
57334
57335
57336
57337
57338
57339
57340
57341
57349
57350
57359
57360
57361
57362
57363
57364
57365
57366
57367
57368
57437
57449
57450
57451
57452
57453
57454
57455
57456
57457
57458
57472
57499
57500
57501
57502
57503
57504
57507
57508
57509
57510
57511
57512
57513
57514
57515
57516
57517
57539
57542
57543
57544
57545
57547
57548
57549
57550
57551
57552
57553
57554
57555
57556
57557
57558
57559
57560
57561
57562
57563
57564
57565
57566
57567
57568
57569
57570
57571
57572
57573
57574
57575
57576
57577
57578
57579
57580
57581
57582
57583
57584
57585
57586
57587
57588
57589
57590
57591
57592
57593
57594
57595
57596
57597
57598
57599
57600
57601
57602
57603
57604
57605
57606
57607
57608
57619
57620
57621
57622
57623
57624
57625
57626
57627
57628
57629
57630
57631
57633
57634
57635
57636
57637
57649
57650
57651
57652
57653
57654
57655
57656
57657
57658
57679
57680
57681
57682
57683
57684
57685
57686
57687
57688
57689
57690
57691
57692
57693
57694
57695
57696
57697
57698
57724
57737
57739
57740
57741
57742
57743
57745
57746
57748
57749
57750
57751
57752
57753
57754
57755
57756
57757
57758
57769
57770
57771
57772
57774
57775
57776
57777
57778
57780
57781
57782
57783
57784
57785
57786
57788
57799
57800
57801
57802
57803
57804
57805
57806
57807
57808
57809
57810
57811
57812
57813
57814
57815
57816
57817
57818
57839
57840
57841
57842
57843
57844
57845
57846
57847
57848
57849
57850
57851
57852
57853
57854
57855
57856
57858
57859
57860
57861
57862
57863
57864
57865
57866
57867
57868
57899
57900
57901
57902
57903
57904
57905
57906
57907
57908
57929
57930
57931
57932
57933
57934
57935
57936
57937
57938
57939
57940
57941
57942
57943
57944
57945
57946
57947
57948
57949
57950
57951
57952
57953
57954
57955
57956
57957
57958
57979
57981
57982
57984
57985
57986
57987
57988
58004
58005
58039
58040
58042
58043
58044
58045
58046
58047
58048
58074
58089
58090
58091
58092
58093
58094
58095
58096
58097
58098
58099
58100
58101
58102
58103
58104
58105
58106
58107
58108
58109
58110
58111
58112
58113
58114
58115
58116
58117
58118
58119
58120
58121
58122
58123
58124
58125
58126
58127
58139
58140
58141
58142
58143
58144
58145
58146
58147
58148
58159
58160
58161
58162
58163
58164
58165
58166
58167
58168
58169
58170
58171
58172
58173
58174
58175
58176
58177
58178
58189
58190
58191
58192
58193
58194
58195
58196
58197
58198
58219
58220
58221
58222
58223
58224
58225
58226
58227
58228
58239
58240
58241
58242
58243
58244
58245
58246
58247
58248
58259
58260
58261
58262
58263
58264
58265
58266
58267
58268
58319
58320
58321
58323
58324
58325
58326
58327
58328
58339
58340
58341
58342
58343
58344
58345
58346
58347
58348
58359
58360
58361
58362
58363
58364
58365
58366
58367
58368
58399
58400
58401
58402
58403
58404
58405
58406
58407
58408
58409
58410
58411
58412
58413
58414
58415
58416
58417
58418
58419
58420
58421
58422
58423
58424
58425
58426
58427
58428
58429
58430
58431
58432
58433
58434
58435
58436
58437
58438
58470
58472
58479
58480
58481
58484
58485
58486
58487
58488
58499
58500
58501
58502
58503
58504
58505
58506
58507
58508
58509
58510
58511
58512
58513
58514
58515
58516
58517
58518
58529
58530
58531
58532
58533
58534
58535
58536
58537
58538
58567
58569
58570
58571
58572
58573
58574
58575
58576
58577
58578
58579
58581
58582
58583
58584
58589
58590
58591
58592
58593
58594
58596
58597
58598
58639
58640
58641
58642
58643
58644
58645
58646
58647
58648
58669
58670
58671
58672
58673
58674
58675
58676
58677
58678
58679
58680
58681
58682
58683
58684
58685
58686
58687
58688
58709
58710
58711
58712
58713
58714
58715
58716
58717
58718
58725
58728
58749
58750
58751
58752
58753
58754
58755
58756
58757
58758
58759
58760
58768
58782
58789
58790
58791
58792
58793
58794
58795
58798
58799
58800
58802
58803
58804
58805
58806
58807
58808
58809
58810
58811
58812
58813
58814
58815
58816
58817
58818
58819
58820
58821
58822
58823
58824
58825
58826
58827
58828
58842
58859
58860
58861
58862
58863
58864
58865
58866
58867
58868
58883
58899
58900
58901
58902
58903
58904
58905
58907
58908
58909
58912
58913
58914
58915
58916
58917
58918
58929
58930
58931
58932
58933
58934
58935
58936
58937
58938
58939
58940
58941
58942
58943
58945
58949
58950
58951
58952
58953
58955
58957
58958
58959
58960
58961
58962
58963
58964
58965
58966
58967
58968
58969
58970
58971
58972
58973
58974
58975
58976
58977
58978
58989
58990
58991
58992
58993
58994
58995
58996
58997
58998
59019
59020
59021
59022
59023
59024
59025
59026
59028
59029
59030
59031
59032
59033
59034
59035
59036
59037
59038
59129
59130
59131
59132
59133
59134
59135
59136
59137
59138
59149
59150
59151
59152
59153
59154
59155
59156
59157
59158
59189
59190
59191
59192
59193
59194
59195
59196
59197
59198
59201
59209
59211
59213
59214
59215
59216
59217
59218
59231
59239
59240
59241
59242
59243
59244
59245
59246
59248
59250
59251
59252
59253
59254
59255
59256
59257
59258
59259
59260
59261
59262
59263
59264
59265
59266
59267
59268
59279
59280
59283
59284
59285
59286
59287
59288
59289
59290
59291
59292
59293
59294
59295
59296
59298
59299
59300
59301
59302
59303
59304
59305
59306
59307
59308
59319
59320
59321
59329
59330
59331
59332
59333
59334
59335
59336
59337
59338
59349
59350
59351
59352
59353
59354
59355
59356
59358
59389
59390
59391
59392
59393
59394
59395
59396
59397
59398
59405
59429
59430
59431
59432
59433
59434
59435
59436
59437
59438
59489
59490
59491
59492
59493
59494
59495
59496
59497
59498
59509
59510
59511
59512
59513
59514
59515
59516
59517
59518
59549
59550
59551
59552
59553
59554
59555
59556
59557
59558
59579
59580
59581
59582
59583
59584
59585
59586
59587
59588
59589
59590
59591
59592
59593
59594
59595
59597
59598
59599
59600
59601
59602
59603
59604
59605
59606
59607
59608
59609
59610
59611
59612
59613
59614
59615
59616
59617
59618
59649
59650
59651
59652
59653
59654
59655
59657
59658
59679
59680
59681
59682
59683
59684
59685
59686
59687
59688
59709
59710
59711
59713
59714
59715
59717
59718
59729
59730
59731
59732
59733
59734
59735
59736
59737
59738
59754
59759
59760
59761
59762
59763
59764
59765
59766
59767
59768
59789
59790
59791
59792
59793
59794
59795
59796
59797
59798
59809
59811
59812
59813
59814
59815
59816
59817
59818
59839
59840
59841
59842
59843
59844
59845
59846
59847
59848
59849
59850
59851
59852
59853
59854
59855
59856
59857
59858
59879
59880
59881
59882
59883
59884
59885
59887
59888
59900
59902
59903
59904
59905
59907
59908
59916
59918
59919
59920
59921
59922
59923
59924
59925
59926
59927
59928
59929
59930
59931
59932
59933
59934
59935
59936
59937
59938
59939
59940
59941
59942
59943
59944
59945
59946
59947
59948
59959
59961
59962
59963
59964
59965
59966
59967
59968
59989
59990
59991
59992
59993
59994
59995
59996
59997
59998
60029
60030
60031
60032
60033
60036
60037
60038
60039
60040
60041
60042
60043
60044
60045
60046
60047
60048
60059
60060
60061
60062
60063
60064
60065
60066
60067
60068
60179
60180
60181
60183
60184
60185
60186
60187
60188
60199
60200
60201
60202
60203
60204
60205
60206
60207
60208
60209
60210
60211
60212
60213
60214
60215
60216
60217
60218
60239
60240
60241
60242
60243
60244
60245
60246
60247
60248
60269
60270
60271
60272
60274
60275
60276
60277
60278
60289
60290
60291
60292
60293
60294
60295
60297
60298
60309
60310
60311
60312
60313
60314
60315
60316
60317
60318
60329
60330
60331
60332
60333
60334
60335
60336
60337
60338
60339
60340
60341
60342
60343
60344
60345
60346
60347
60348
60353
60389
60390
60391
60392
60393
60394
60395
60396
60397
60398
60399
60400
60401
60402
60403
60404
60405
60406
60407
60408
60409
60410
60411
60412
60413
60414
60415
60417
60418
60429
60430
60431
60432
60433
60434
60435
60436
60437
60438
60459
60460
60461
60463
60464
60465
60466
60467
60468
60509
60510
60511
60512
60513
60514
60515
60516
60517
60518
60519
60520
60521
60522
60523
60524
60525
60526
60527
60528
60529
60530
60531
60532
60533
60534
60535
60536
60537
60538
60549
60550
60551
60552
60553
60554
60555
60556
60557
60558
60559
60560
60561
60562
60563
60564
60565
60566
60567
60568
60570
60589
60590
60591
60592
60593
60594
60595
60596
60597
60598
60619
60620
60621
60622
60623
60624
60625
60626
60627
60628
60629
60630
60631
60632
60633
60634
60635
60636
60637
60638
60648
60659
60660
60661
60662
60663
60664
60665
60666
60667
60668
60689
60690
60691
60692
60693
60694
60695
60696
60697
60698
60719
60749
60750
60751
60752
60754
60756
60757
60761
60775
60799
60800
60801
60802
60803
60804
60805
60806
60807
60808
60829
60830
60832
60833
60834
60835
60836
60837
60838
60839
60840
60841
60842
60843
60844
60845
60846
60847
60848
60849
60850
60851
60852
60853
60854
60855
60856
60857
60858
60859
60860
60861
60862
60863
60864
60865
60866
60867
60868
60889
60890
60891
60892
60893
60894
60895
60896
60897
60898
60909
60910
60911
60912
60913
60914
60915
60916
60917
60918
60949
60950
60951
60952
60953
60954
60955
60956
60957
60958
60975
60989
60990
60991
60992
60993
60994
60995
60996
60997
60998
60999
61000
61002
61003
61004
61005
61006
61007
61008
61019
61020
61021
61022
61024
61025
61026
61027
61028
61041
61042
61043
61044
61046
61089
61099
61100
61101
61102
61103
61104
61105
61106
61107
61108
61109
61110
61111
61112
61113
61114
61115
61116
61117
61118
61119
61120
61121
61122
61123
61124
61125
61126
61127
61128
61139
61140
61141
61142
61143
61144
61145
61146
61147
61148
61149
61150
61151
61152
61153
61154
61155
61156
61157
61159
61160
61161
61162
61163
61164
61165
61166
61167
61168
61179
61180
61181
61182
61183
61184
61185
61187
61188
61229
61230
61231
61232
61269
61270
61271
61272
61273
61274
61275
61276
61277
61278
61279
61280
61281
61282
61283
61284
61285
61286
61287
61288
61309
61310
61311
61312
61313
61314
61315
61316
61317
61318
61339
61341
61342
61343
